@ TYPE             %05s "TWISS"
@ TITLE            %09s "CNAO SYNC"
@ ORIGIN           %18s "5.03.04 Windows 64"
@ DATE             %08s "11/09/17"
@ TIME             %08s "16.08.31"
* CyCo BP EdipInj EdipExtr S2kinj s2kextr S3kinj s3kextr S4kinj s4kextr S6 S8 S9 S0_29Acc S0_29FT S2_08Acc S2_08FT SC_08Acc SC_08FT SC_21Acc SC_21FT SE_16Acc SE_16FT BumpVert S4_08Acc S4_08FT S6_14Acc S6_14FT S8_08Acc S8_08FT S8_35Acc S8_35FT SA_08Acc SA_08FT
$ %le %le %le %le %le %le %le %le %le %le %le %le %le %le %le %le %le %le %le %le %le %le %le %le %le %le %le %le %le %le %le %le %le %le
10 30 7.134663 115.3740422 0.47434 0.49773 0.34618 0.310799584692491 0.52017 0.533820775612604 96 1.66921457143512 1.50797090194301 -1.8648311 -1.999999996 0.6311951 0.330134533 0.589358 -1.999999984 -1.9651058 0.166232685 0.9895835 -0.523763824 -0.5 0 0.591116089 0 -0.13363696 0 -0.003973532 0 0.418554394 0 -1.30834616
11 32 7.134663 119.2369958 0.47434 0.49773 0.34618 0.310662468347749 0.52017 0.533768240168403 96 1.66921457143512 1.50797090194301 -1.8648311 -1.999999996 0.6311951 0.330134533 0.589358 -1.999999984 -1.9651058 0.166232685 0.9895835 -0.523763824 -0.5 0 0.591116089 0 -0.13363696 0 -0.003973532 0 0.418554394 0 -1.30834616
12 34 7.134663 123.0188641 0.47434 0.49773 0.34618 0.310551680694894 0.52017 0.533696989990231 96 1.66921457143512 1.50797090194301 -1.8648311 -1.999999996 0.6311951 0.330134533 0.589358 -1.999999984 -1.9651058 0.166232685 0.9895835 -0.523763824 -0.5 0 0.591116089 0 -0.13363696 0 -0.003973532 0 0.418554394 0 -1.30834616
13 36 7.134663 126.7243633 0.47434 0.49773 0.34618 0.310457302662578 0.52017 0.533660981212687 96 1.66921457143512 1.50797090194301 -1.8648311 -1.999999996 0.6311951 0.330134533 0.589358 -1.999999984 -1.9651058 0.166232685 0.9895835 -0.523763824 -0.5 0 0.591116089 0 -0.13363696 0 -0.003973532 0 0.418554394 0 -1.30834616
14 38 7.134663 130.3579155 0.47434 0.49773 0.34618 0.310405077763349 0.52017 0.533641014847501 96 1.66921457143512 1.50797090194301 -1.8648311 -1.999999996 0.6311951 0.330134533 0.589358 -1.999999984 -1.9651058 0.166232685 0.9895835 -0.523763824 -0.5 0 0.591116089 0 -0.13363696 0 -0.003973532 0 0.418554394 0 -1.30834616
15 40 7.134663 133.9236631 0.47434 0.49773 0.34618 0.310352933569767 0.52017 0.533621126172149 96 1.66921457143512 1.50797090194301 -1.8648311 -1.999999996 0.6311951 0.330134533 0.589358 -1.999999984 -1.9651058 0.166232685 0.9895835 -0.523763824 -0.5 0 0.591116089 0 -0.13363696 0 -0.003973532 0 0.418554394 0 -1.30834616
16 42 7.134663 137.4254829 0.47434 0.49773 0.34618 0.310301081035427 0.52017 0.533601288123375 96 1.66921457143512 1.50797090194301 -1.8648311 -1.999999996 0.6311951 0.330134533 0.589358 -1.999999984 -1.9651058 0.166232685 0.9895835 -0.523763824 -0.5 0 0.591116089 0 -0.13363696 0 -0.003973532 0 0.418554394 0 -1.30834616
17 44 7.134663 140.867 0.47434 0.49773 0.34618 0.310249709548205 0.52017 0.533581657674289 96 1.66921457143512 1.50797090194301 -1.8648311 -1.999999996 0.6311951 0.330134533 0.589358 -1.999999984 -1.9651058 0.166232685 0.9895835 -0.523763824 -0.5 0 0.591116089 0 -0.13363696 0 -0.003973532 0 0.418554394 0 -1.30834616
18 46 7.134663 144.2516004 0.47434 0.49773 0.34618 0.310219071366647 0.52017 0.53356981235701 96 1.66921457143512 1.50797090194301 -1.8648311 -1.999999996 0.6311951 0.330134533 0.589358 -1.999999984 -1.9651058 0.166232685 0.9895835 -0.523763824 -0.5 0 0.591116089 0 -0.13363696 0 -0.003973532 0 0.418554394 0 -1.30834616
19 48 7.134663 147.5824437 0.47434 0.49773 0.34618 0.310189485257886 0.52017 0.533558615497439 96 1.66921457143512 1.50797090194301 -1.8648311 -1.999999996 0.6311951 0.330134533 0.589358 -1.999999984 -1.9651058 0.166232685 0.9895835 -0.523763824 -0.5 0 0.591116089 0 -0.13363696 0 -0.003973532 0 0.418554394 0 -1.30834616
20 50 7.134663 150.8624746 0.47434 0.49773 0.34618 0.310158816511632 0.52017 0.533546721919399 96 1.66921457143512 1.50797090194301 -1.8648311 -1.999999996 0.6311951 0.330134533 0.589358 -1.999999984 -1.9651058 0.166232685 0.9895835 -0.523763824 -0.5 0 0.591116089 0 -0.13363696 0 -0.003973532 0 0.418554394 0 -1.30834616
21 52 7.134663 154.094434 0.47434 0.49773 0.34618 0.310144836016261 0.52017 0.533541528961841 96 1.66921457143512 1.50797090194301 -1.8648311 -1.999999996 0.6311951 0.330134533 0.589358 -1.999999984 -1.9651058 0.166232685 0.9895835 -0.523763824 -0.5 0 0.591116089 0 -0.13363696 0 -0.003973532 0 0.418554394 0 -1.30834616
22 54 7.134663 157.2808702 0.47434 0.49773 0.34618 0.31012956605872 0.52017 0.533535548433443 96 1.66921457143512 1.50797090194301 -1.8648311 -1.999999996 0.6311951 0.330134533 0.589358 -1.999999984 -1.9651058 0.166232685 0.9895835 -0.523763824 -0.5 0 0.591116089 0 -0.13363696 0 -0.003973532 0 0.418554394 0 -1.30834616
23 56 7.134663 160.4241487 0.47434 0.49773 0.34618 0.310115558935899 0.52017 0.533530334703638 96 1.66921457143512 1.50797090194301 -1.8648311 -1.999999996 0.6311951 0.330134533 0.589358 -1.999999984 -1.9651058 0.166232685 0.9895835 -0.523763824 -0.5 0 0.591116089 0 -0.13363696 0 -0.003973532 0 0.418554394 0 -1.30834616
24 58 7.134663 163.5264622 0.47434 0.49773 0.34618 0.310099879506285 0.52017 0.533524286761677 96 1.66921457143512 1.50797090194301 -1.8648311 -1.999999996 0.6311951 0.330134533 0.589358 -1.999999984 -1.9651058 0.166232685 0.9895835 -0.523763824 -0.5 0 0.591116089 0 -0.13363696 0 -0.003973532 0 0.418554394 0 -1.30834616
25 60 7.134663 166.5898404 0.47434 0.49773 0.34618 0.31010575990212 0.52017 0.533526531271687 96 1.66921457143512 1.50797090194301 -1.8648311 -1.999999996 0.6311951 0.330134533 0.589358 -1.999999984 -1.9651058 0.166232685 0.9895835 -0.523763824 -0.5 0 0.591116089 0 -0.13363696 0 -0.003973532 0 0.418554394 0 -1.30834616
26 62 7.134663 169.616159 0.47434 0.49773 0.34618 0.310091052198995 0.52017 0.533520797220109 96 1.66921457143512 1.50797090194301 -1.8648311 -1.999999996 0.6311951 0.330134533 0.589358 -1.999999984 -1.9651058 0.166232685 0.9895835 -0.523763824 -0.5 0 0.591116089 0 -0.13363696 0 -0.003973532 0 0.418554394 0 -1.30834616
27 64 7.134663 172.6071487 0.47434 0.49773 0.34618 0.310075326841408 0.52017 0.533514941337715 96 1.66921457143512 1.50797090194301 -1.8648311 -1.999999996 0.6311951 0.330134533 0.589358 -1.999999984 -1.9651058 0.166232685 0.9895835 -0.523763824 -0.5 0 0.591116089 0 -0.13363696 0 -0.003973532 0 0.418554394 0 -1.30834616
28 66 7.134663 175.5644039 0.47434 0.49773 0.34618 0.31006052271712 0.52017 0.533509320434286 96 1.66921457143512 1.50797090194301 -1.8648311 -1.999999996 0.6311951 0.330134533 0.589358 -1.999999984 -1.9651058 0.166232685 0.9895835 -0.523763824 -0.5 0 0.591116089 0 -0.13363696 0 -0.003973532 0 0.418554394 0 -1.30834616
29 68 7.134663 178.4893917 0.47434 0.49773 0.34618 0.310044544410351 0.52017 0.533503093441681 96 1.66921457143512 1.50797090194301 -1.8648311 -1.999999996 0.6311951 0.330134533 0.589358 -1.999999984 -1.9651058 0.166232685 0.9895835 -0.523763824 -0.5 0 0.591116089 0 -0.13363696 0 -0.003973532 0 0.418554394 0 -1.30834616
30 70 7.134663 181.3834596 0.47434 0.49773 0.34618 0.31004977975474 0.52017 0.533505098808025 96 1.66921457143512 1.50797090194301 -1.8648311 -1.999999996 0.6311951 0.330134533 0.589358 -1.999999984 -1.9651058 0.166232685 0.9895835 -0.523763824 -0.5 0 0.591116089 0 -0.13363696 0 -0.003973532 0 0.418554394 0 -1.30834616
31 72 7.134663 184.2478445 0.47434 0.49773 0.34618 0.310059167566021 0.52017 0.533508616619909 96 1.66921457143512 1.50797090194301 -1.8648311 -1.999999996 0.6311951 0.330134533 0.589358 -1.999999984 -1.9651058 0.166232685 0.9895835 -0.523763824 -0.5 0 0.591116089 0 -0.13363696 0 -0.003973532 0 0.418554394 0 -1.30834616
32 74 7.134663 187.0836802 0.47434 0.49773 0.34618 0.310066976537509 0.52017 0.533511728898588 96 1.66921457143512 1.50797090194301 -1.8648311 -1.999999996 0.6311951 0.330134533 0.589358 -1.999999984 -1.9651058 0.166232685 0.9895835 -0.523763824 -0.5 0 0.591116089 0 -0.13363696 0 -0.003973532 0 0.418554394 0 -1.30834616
33 76 7.134663 189.892006 0.47434 0.49773 0.34618 0.310095639833744 0.52017 0.533522566638329 96 1.66921457143512 1.50797090194301 -1.8648311 -1.999999996 0.6311951 0.330134533 0.589358 -1.999999984 -1.9651058 0.166232685 0.9895835 -0.523763824 -0.5 0 0.591116089 0 -0.13363696 0 -0.003973532 0 0.418554394 0 -1.30834616
34 78 7.134663 192.6737742 0.47434 0.49773 0.34618 0.31012400450089 0.52017 0.533533409121163 96 1.66921457143512 1.50797090194301 -1.8648311 -1.999999996 0.6311951 0.330134533 0.589358 -1.999999984 -1.9651058 0.166232685 0.9895835 -0.523763824 -0.5 0 0.591116089 0 -0.13363696 0 -0.003973532 0 0.418554394 0 -1.30834616
35 80 7.134663 195.4298579 0.47434 0.49773 0.34618 0.310151912686117 0.52017 0.533544112570616 96 1.66921457143512 1.50797090194301 -1.8648311 -1.999999996 0.6311951 0.330134533 0.589358 -1.999999984 -1.9651058 0.166232685 0.9895835 -0.523763824 -0.5 0 0.591116089 0 -0.13363696 0 -0.003973532 0 0.418554394 0 -1.30834616
36 82 7.134663 198.1610591 0.47434 0.49773 0.34618 0.310159615427097 0.52017 0.533547116464736 96 1.66921457143512 1.50797090194301 -1.8648311 -1.999999996 0.6311951 0.330134533 0.589358 -1.999999984 -1.9651058 0.166232685 0.9895835 -0.523763824 -0.5 0 0.591116089 0 -0.13363696 0 -0.003973532 0 0.418554394 0 -1.30834616
37 84 7.134663 200.8681157 0.47434 0.49773 0.34618 0.310186794535259 0.52017 0.5335575079686 96 1.66921457143512 1.50797090194301 -1.8648311 -1.999999996 0.6311951 0.330134533 0.589358 -1.999999984 -1.9651058 0.166232685 0.9895835 -0.523763824 -0.5 0 0.591116089 0 -0.13363696 0 -0.003973532 0 0.418554394 0 -1.30834616
38 86 7.134663 203.5517101 0.47434 0.49773 0.34618 0.310191910821953 0.52017 0.533559387180672 96 1.66921457143512 1.50797090194301 -1.8648311 -1.999999996 0.6311951 0.330134533 0.589358 -1.999999984 -1.9651058 0.166232685 0.9895835 -0.523763824 -0.5 0 0.591116089 0 -0.13363696 0 -0.003973532 0 0.418554394 0 -1.30834616
39 88 7.134663 206.2124755 0.47434 0.49773 0.34618 0.310218371287926 0.52017 0.533569503030355 96 1.66921457143512 1.50797090194301 -1.8648311 -1.999999996 0.6311951 0.330134533 0.589358 -1.999999984 -1.9651058 0.166232685 0.9895835 -0.523763824 -0.5 0 0.591116089 0 -0.13363696 0 -0.003973532 0 0.418554394 0 -1.30834616
40 90 7.134663 208.8510042 0.47434 0.49773 0.34618 0.310244491127378 0.52017 0.533579488658346 96 1.66921457143512 1.50797090194301 -1.8648311 -1.999999996 0.6311951 0.330134533 0.589358 -1.999999984 -1.9651058 0.166232685 0.9895835 -0.523763824 -0.5 0 0.591116089 0 -0.13363696 0 -0.003973532 0 0.418554394 0 -1.30834616
41 92 7.134663 211.4678546 0.47434 0.49773 0.34618 0.310241092317682 0.52017 0.533578189291659 96 1.66921457143512 1.50797090194301 -1.8648311 -1.999999996 0.6311951 0.330134533 0.589358 -1.999999984 -1.9651058 0.166232685 0.9895835 -0.523763824 -0.5 0 0.591116089 0 -0.13363696 0 -0.003973532 0 0.418554394 0 -1.30834616
42 94 7.134663 214.0635585 0.47434 0.49773 0.34618 0.310259433199087 0.52017 0.533585280217466 96 1.66921457143512 1.50797090194301 -1.8648311 -1.999999996 0.6311951 0.330134533 0.589358 -1.999999984 -1.9651058 0.166232685 0.9895835 -0.523763824 -0.5 0 0.591116089 0 -0.13363696 0 -0.003973532 0 0.418554394 0 -1.30834616
43 96 7.134663 216.6386284 0.47434 0.49773 0.34618 0.310255900397365 0.52017 0.533583908607571 96 1.66921457143512 1.50797090194301 -1.8648311 -1.999999996 0.6311951 0.330134533 0.589358 -1.999999984 -1.9651058 0.166232685 0.9895835 -0.523763824 -0.5 0 0.591116089 0 -0.13363696 0 -0.003973532 0 0.418554394 0 -1.30834616
44 98 7.134663 219.1935646 0.47434 0.49773 0.34618 0.31025250859523 0.52017 0.533582445875923 96 1.66921457143512 1.50797090194301 -1.8648311 -1.999999996 0.6311951 0.330134533 0.589358 -1.999999984 -1.9651058 0.166232685 0.9895835 -0.523763824 -0.5 0 0.591116089 0 -0.13363696 0 -0.003973532 0 0.418554394 0 -1.30834616
45 100 7.134663 221.7288627 0.47434 0.49773 0.34618 0.310249269993861 0.52017 0.533581207807053 96 1.66921457143512 1.50797090194301 -1.8648311 -1.999999996 0.6311951 0.330134533 0.589358 -1.999999984 -1.9651058 0.166232685 0.9895835 -0.523763824 -0.5 0 0.591116089 0 -0.13363696 0 -0.003973532 0 0.418554394 0 -1.30834616
46 102 7.134663 224.2450197 0.47434 0.49773 0.34618 0.310266441513885 0.52017 0.533587910239889 96 1.66921457143512 1.50797090194301 -1.8648311 -1.999999996 0.6311951 0.330134533 0.589358 -1.999999984 -1.9651058 0.166232685 0.9895835 -0.523763824 -0.5 0 0.591116089 0 -0.13363696 0 -0.003973532 0 0.418554394 0 -1.30834616
47 104 7.134663 226.7425422 0.47434 0.49773 0.34618 0.310263140691342 0.52017 0.533586652233465 96 1.66921457143512 1.50797090194301 -1.8648311 -1.999999996 0.6311951 0.330134533 0.589358 -1.999999984 -1.9651058 0.166232685 0.9895835 -0.523763824 -0.5 0 0.591116089 0 -0.13363696 0 -0.003973532 0 0.418554394 0 -1.30834616
48 106 7.134663 229.2219529 0.47434 0.49773 0.34618 0.310281293457126 0.52017 0.533593436575812 96 1.66921457143512 1.50797090194301 -1.8648311 -1.999999996 0.6311951 0.330134533 0.589358 -1.999999984 -1.9651058 0.166232685 0.9895835 -0.523763824 -0.5 0 0.591116089 0 -0.13363696 0 -0.003973532 0 0.418554394 0 -1.30834616
49 108 7.134663 231.6223767 0.47434 0.49773 0.34618 0.310278311285061 0.52017 0.533592450008815 96 1.66921457143512 1.50797090194301 -1.8648311 -1.999999996 0.6311951 0.330134533 0.589358 -1.999999984 -1.9651058 0.166232685 0.9895835 -0.523763824 -0.5 0 0.591116089 0 -0.13363696 0 -0.003973532 0 0.418554394 0 -1.30834616
50 110 7.134663 234.067622 0.47434 0.49773 0.34618 0.310275579229711 0.52017 0.533591460868465 96 1.66921457143512 1.50797090194301 -1.8648311 -1.999999996 0.6311951 0.330134533 0.589358 -1.999999984 -1.9651058 0.166232685 0.9895835 -0.523763824 -0.5 0 0.591116089 0 -0.13363696 0 -0.003973532 0 0.418554394 0 -1.30834616
51 112 7.134663 236.496478 0.47434 0.49773 0.34618 0.31031138152807 0.52017 0.533633971753244 96 1.66921457143512 1.50797090194301 -1.8648311 -1.999999996 0.6311951 0.330134533 0.589358 -1.999999984 -1.9651058 0.166232685 0.9895835 -0.523763824 -0.5 0 0.591116089 0 -0.13363696 0 -0.003973532 0 0.418554394 0 -1.30834616
52 114 7.134663 238.9096011 0.47434 0.49773 0.34618 0.310332445648571 0.52017 0.533641981248937 96 1.66921457143512 1.50797090194301 -1.8648311 -1.999999996 0.6311951 0.330134533 0.589358 -1.999999984 -1.9651058 0.166232685 0.9895835 -0.523763824 -0.5 0 0.591116089 0 -0.13363696 0 -0.003973532 0 0.418554394 0 -1.30834616
53 116 7.134663 241.3076987 0.47434 0.49773 0.34618 0.310332315513227 0.52017 0.533642095825041 96 1.66921457143512 1.50797090194301 -1.8648311 -1.999999996 0.6311951 0.330134533 0.589358 -1.999999984 -1.9651058 0.166232685 0.9895835 -0.523763824 -0.5 0 0.591116089 0 -0.13363696 0 -0.003973532 0 0.418554394 0 -1.30834616
54 118 7.134663 243.6915354 0.47434 0.49773 0.34618 0.310352016236518 0.52017 0.533649535807991 96 1.66921457143512 1.50797090194301 -1.8648311 -1.999999996 0.6311951 0.330134533 0.589358 -1.999999984 -1.9651058 0.166232685 0.9895835 -0.523763824 -0.5 0 0.591116089 0 -0.13363696 0 -0.003973532 0 0.418554394 0 -1.30834616
55 120 7.134663 246.0619405 0.47434 0.49773 0.34618 0.310351859101219 0.52017 0.533649448923655 96 1.66921457143512 1.50797090194301 -1.8648311 -1.999999996 0.6311951 0.330134533 0.589358 -1.999999984 -1.9651058 0.166232685 0.9895835 -0.523763824 -0.5 0 0.591116089 0 -0.13363696 0 -0.003973532 0 0.418554394 0 -1.30834616
56 122 7.134663 248.4198142 0.47434 0.49773 0.34618 0.310372765820365 0.52017 0.533657420443067 96 1.66921457143512 1.50797090194301 -1.8648311 -1.999999996 0.6311951 0.330134533 0.589358 -1.999999984 -1.9651058 0.166232685 0.9895835 -0.523763824 -0.5 0 0.591116089 0 -0.13363696 0 -0.003973532 0 0.418554394 0 -1.30834616
57 124 7.134663 250.7661354 0.47434 0.49773 0.34618 0.310392832782196 0.52017 0.533665136271573 96 1.66921457143512 1.50797090194301 -1.8648311 -1.999999996 0.6311951 0.330134533 0.589358 -1.999999984 -1.9651058 0.166232685 0.9895835 -0.523763824 -0.5 0 0.591116089 0 -0.13363696 0 -0.003973532 0 0.418554394 0 -1.30834616
58 126 7.134663 253.1019675 0.47434 0.49773 0.34618 0.310392343790925 0.52017 0.53366482184727 96 1.66921457143512 1.50797090194301 -1.8648311 -1.999999996 0.6311951 0.330134533 0.589358 -1.999999984 -1.9651058 0.166232685 0.9895835 -0.523763824 -0.5 0 0.591116089 0 -0.13363696 0 -0.003973532 0 0.418554394 0 -1.30834616
59 128 7.134663 255.4284666 0.474315421 0.49773 0.346219524 0.310413641256027 0.520172959 0.533673078954351 96 1.66921457143512 1.50797090194301 -1.8648311 -1.999999996 0.6311951 0.330134533 0.589358 -1.999999984 -1.9651058 0.166232685 0.9895835 -0.523763824 -0.5 0 0.591116089 0 -0.13363696 0 -0.003973532 0 0.418554394 0 -1.30834616
60 130 7.134663 257.7468873 0.474140127 0.49773 0.346501401 0.31041347845845 0.520194063 0.533672881813572 96 1.66921457143512 1.50797090194301 -1.8648311 -1.999999996 0.6311951 0.330134533 0.589358 -1.999999984 -1.9651058 0.166232685 0.9895835 -0.523763824 -0.5 0 0.591116089 0 -0.13363696 0 -0.003973532 0 0.418554394 0 -1.30834616
61 132 7.134663 260.0025444 0.473965021 0.49773 0.346782976 0.310450812678557 0.520215144 0.533687262620396 96 1.66921457143512 1.50797090194301 -1.8648311 -1.999999996 0.6311951 0.330134533 0.589358 -1.999999984 -1.9651058 0.166232685 0.9895835 -0.523763824 -0.5 0 0.591116089 0 -0.13363696 0 -0.003973532 0 0.418554394 0 -1.30834616
62 134 7.134663 262.2941726 0.473795281 0.49773 0.347055922 0.310489503166009 0.520235579 0.533701910836738 96 1.66921457143512 1.50797090194301 -1.8648311 -1.999999996 0.6311951 0.330134533 0.589358 -1.999999984 -1.9651058 0.166232685 0.9895835 -0.523763824 -0.5 0 0.591116089 0 -0.13363696 0 -0.003973532 0 0.418554394 0 -1.30834616
63 136 7.134663 264.5730313 0.473626847 0.49773 0.347326769 0.310506941584407 0.520255857 0.533708815864926 96 1.66921457143512 1.50797090194301 -1.8648311 -1.999999996 0.6311951 0.330134533 0.589358 -1.999999984 -1.9651058 0.166232685 0.9895835 -0.523763824 -0.5 0 0.591116089 0 -0.13363696 0 -0.003973532 0 0.418554394 0 -1.30834616
64 138 7.134663 266.8394895 0.473459691 0.49773 0.34759556 0.310544104735922 0.520275981 0.533722845279294 96 1.66921457143512 1.50797090194301 -1.8648311 -1.999999996 0.6311951 0.330134533 0.589358 -1.999999984 -1.9651058 0.166232685 0.9895835 -0.523763824 -0.5 0 0.591116089 0 -0.13363696 0 -0.003973532 0 0.418554394 0 -1.30834616
65 140 7.134663 269.0939039 0.473293789 0.49773 0.347862335 0.310561002222321 0.520295954 0.533729503816825 96 1.66921457143512 1.50797090194301 -1.8648311 -1.999999996 0.6311951 0.330134533 0.589358 -1.999999984 -1.9651058 0.166232685 0.9895835 -0.523763824 -0.5 0 0.591116089 0 -0.13363696 0 -0.003973532 0 0.418554394 0 -1.30834616
66 142 7.134663 271.3366185 0.473129114 0.49773 0.348127136 0.310614958401811 0.520315779 0.533778686325926 96 1.66921457143512 1.50797090194301 -1.8648311 -1.999999996 0.6311951 0.330134533 0.589358 -1.999999984 -1.9651058 0.166232685 0.9895835 -0.523763824 -0.5 0 0.591116089 0 -0.13363696 0 -0.003973532 0 0.418554394 0 -1.30834616
67 144 7.134663 273.5679654 0.472965643 0.49773 0.348390001 0.310631554045812 0.52033546 0.533785137931738 96 1.66921457143512 1.50797090194301 -1.8648311 -1.999999996 0.6311951 0.330134533 0.589358 -1.999999984 -1.9651058 0.166232685 0.9895835 -0.523763824 -0.5 0 0.591116089 0 -0.13363696 0 -0.003973532 0 0.418554394 0 -1.30834616
68 146 7.134663 275.788265 0.472803352 0.49773 0.34865097 0.310648318056661 0.520354998 0.533791644855799 96 1.66921457143512 1.50797090194301 -1.8648311 -1.999999996 0.6311951 0.330134533 0.589358 -1.999999984 -1.9651058 0.166232685 0.9895835 -0.523763824 -0.5 0 0.591116089 0 -0.13363696 0 -0.003973532 0 0.418554394 0 -1.30834616
69 148 7.134663 277.9978258 0.472642215 0.49773 0.348910082 0.310664505882288 0.520374398 0.533797929254486 96 1.66921457143512 1.50797090194301 -1.8648311 -1.999999996 0.6311951 0.330134533 0.589358 -1.999999984 -1.9651058 0.166232685 0.9895835 -0.523763824 -0.5 0 0.591116089 0 -0.13363696 0 -0.003973532 0 0.418554394 0 -1.30834616
70 150 7.134663 280.1969452 0.472482211 0.49773 0.349167374 0.310680748812654 0.520393661 0.533804136678947 96 1.66921457143512 1.50797090194301 -1.8648311 -1.999999996 0.6311951 0.330134533 0.589358 -1.999999984 -1.9651058 0.166232685 0.9895835 -0.523763824 -0.5 0 0.591116089 0 -0.13363696 0 -0.003973532 0 0.418554394 0 -1.30834616
71 152 7.134663 282.3859096 0.472323315 0.49773 0.349422882 0.310718739038223 0.52041279 0.533818520124775 96 1.66921457143512 1.50797090194301 -1.8648311 -1.999999996 0.6311951 0.330134533 0.589358 -1.999999984 -1.9651058 0.166232685 0.9895835 -0.523763824 -0.5 0 0.591116089 0 -0.13363696 0 -0.003973532 0 0.418554394 0 -1.30834616
72 154 7.134663 284.5649945 0.472165506 0.49773 0.349676643 0.310736166510679 0.520431789 0.533825180977211 96 1.66921457143512 1.50797090194301 -1.8648311 -1.999999996 0.6311951 0.330134533 0.589358 -1.999999984 -1.9651058 0.166232685 0.9895835 -0.523763824 -0.5 0 0.591116089 0 -0.13363696 0 -0.003973532 0 0.418554394 0 -1.30834616
73 156 7.134663 286.7344649 0.472008761 0.49773 0.349928692 0.310753469687482 0.52045066 0.533831794323332 96 1.66921457143512 1.50797090194301 -1.8648311 -1.999999996 0.6311951 0.330134533 0.589358 -1.999999984 -1.9651058 0.166232685 0.9895835 -0.523763824 -0.5 0 0.591116089 0 -0.13363696 0 -0.003973532 0 0.418554394 0 -1.30834616
74 158 7.134663 288.8945752 0.47185306 0.49773 0.350179064 0.310750314780677 0.520469405 0.533830579464919 96 1.66921457143512 1.50797090194301 -1.8648311 -1.999999996 0.6311951 0.330134533 0.589358 -1.999999984 -1.9651058 0.166232685 0.9895835 -0.523763824 -0.5 0 0.591116089 0 -0.13363696 0 -0.003973532 0 0.418554394 0 -1.30834616
75 160 7.134663 291.04557 0.47169838 0.49773 0.350427793 0.310767377313746 0.520488027 0.533837100616008 96 1.66921457143512 1.50797090194301 -1.8648311 -1.999999996 0.6311951 0.330134533 0.589358 -1.999999984 -1.9651058 0.166232685 0.9895835 -0.523763824 -0.5 0 0.591116089 0 -0.13363696 0 -0.003973532 0 0.418554394 0 -1.30834616
76 162 7.134663 293.1876839 0.471544702 0.49773 0.350674912 0.31078411666249 0.520506528 0.533843507983395 96 1.66921457143512 1.50797090194301 -1.8648311 -1.999999996 0.6311951 0.330134533 0.589358 -1.999999984 -1.9651058 0.166232685 0.9895835 -0.523763824 -0.5 0 0.591116089 0 -0.13363696 0 -0.003973532 0 0.418554394 0 -1.30834616
77 164 7.134663 295.3211416 0.471392005 0.49773 0.350920453 0.31077980462602 0.520524911 0.533841889269944 96 1.66921457143512 1.50797090194301 -1.8648311 -1.999999996 0.6311951 0.330134533 0.589358 -1.999999984 -1.9651058 0.166232685 0.9895835 -0.523763824 -0.5 0 0.591116089 0 -0.13363696 0 -0.003973532 0 0.418554394 0 -1.30834616
78 166 7.134663 297.4461583 0.471240269 0.49773 0.351164449 0.310796320490911 0.520543179 0.533848219072012 96 1.66921457143512 1.50797090194301 -1.8648311 -1.999999996 0.6311951 0.330134533 0.589358 -1.999999984 -1.9651058 0.166232685 0.9895835 -0.523763824 -0.5 0 0.591116089 0 -0.13363696 0 -0.003973532 0 0.418554394 0 -1.30834616
79 168 7.134663 299.5629401 0.471089475 0.49773 0.351406929 0.310792465988507 0.520561333 0.533846675153166 96 1.66921457143512 1.50797090194301 -1.8648311 -1.999999996 0.6311951 0.330134533 0.589358 -1.999999984 -1.9651058 0.166232685 0.9895835 -0.523763824 -0.5 0 0.591116089 0 -0.13363696 0 -0.003973532 0 0.418554394 0 -1.30834616
80 170 7.134663 301.6716836 0.470939604 0.49773 0.351647925 0.310809011279238 0.520579376 0.533853018556039 96 1.66921457143512 1.50797090194301 -1.8648311 -1.999999996 0.6311951 0.330134533 0.589358 -1.999999984 -1.9651058 0.166232685 0.9895835 -0.523763824 -0.5 0 0.591116089 0 -0.13363696 0 -0.003973532 0 0.418554394 0 -1.30834616
81 172 7.134663 303.7725768 0.470790639 0.49773 0.351887466 0.310817911503452 0.52059731 0.533856402855943 96 1.66921457143512 1.50797090194301 -1.8648311 -1.999999996 0.6311951 0.330134533 0.589358 -1.999999984 -1.9651058 0.166232685 0.9895835 -0.523763824 -0.5 0 0.591116089 0 -0.13363696 0 -0.003973532 0 0.418554394 0 -1.30834616
82 174 7.134663 305.8657986 0.47064256 0.49773 0.35212558 0.310827610053807 0.520615138 0.533860217987539 96 1.66921457143512 1.50797090194301 -1.8648311 -1.999999996 0.6311951 0.330134533 0.589358 -1.999999984 -1.9651058 0.166232685 0.9895835 -0.523763824 -0.5 0 0.591116089 0 -0.13363696 0 -0.003973532 0 0.418554394 0 -1.30834616
83 176 7.134663 307.9515194 0.470495351 0.49773 0.352362296 0.310836071671758 0.52063286 0.533863213417265 96 1.66921457143512 1.50797090194301 -1.8648311 -1.999999996 0.6311951 0.330134533 0.589358 -1.999999984 -1.9651058 0.166232685 0.9895835 -0.523763824 -0.5 0 0.591116089 0 -0.13363696 0 -0.003973532 0 0.418554394 0 -1.30834616
84 178 7.134663 310.0299014 0.470348994 0.49773 0.352597642 0.310845439867564 0.52065048 0.533866870237345 96 1.66921457143512 1.50797090194301 -1.8648311 -1.999999996 0.6311951 0.330134533 0.589358 -1.999999984 -1.9651058 0.166232685 0.9895835 -0.523763824 -0.5 0 0.591116089 0 -0.13363696 0 -0.003973532 0 0.418554394 0 -1.30834616
85 180 7.134663 312.1010981 0.470203473 0.49773 0.352831643 0.310833278999174 0.520668 0.533862198719474 96 1.66921457143512 1.50797090194301 -1.8648311 -1.999999996 0.6311951 0.330134533 0.589358 -1.999999984 -1.9651058 0.166232685 0.9895835 -0.523763824 -0.5 0 0.591116089 0 -0.13363696 0 -0.003973532 0 0.418554394 0 -1.30834616
86 182 7.134663 314.1652553 0.470058772 0.49773 0.353064325 0.310841349635162 0.52068542 0.53386544495229 96 1.66921457143512 1.50797090194301 -1.8648311 -1.999999996 0.6311951 0.330134533 0.589358 -1.999999984 -1.9651058 0.166232685 0.9895835 -0.523763824 -0.5 0 0.591116089 0 -0.13363696 0 -0.003973532 0 0.418554394 0 -1.30834616
87 184 7.134663 316.2225106 0.469914876 0.49773 0.353295715 0.310828521483878 0.520702744 0.533860415030225 96 1.66921457143512 1.50797090194301 -1.8648311 -1.999999996 0.6311951 0.330134533 0.589358 -1.999999984 -1.9651058 0.166232685 0.9895835 -0.523763824 -0.5 0 0.591116089 0 -0.13363696 0 -0.003973532 0 0.418554394 0 -1.30834616
88 186 7.134663 318.2729941 0.469771768 0.49773 0.353525835 0.310837468835476 0.520719973 0.533863813560241 96 1.66921457143512 1.50797090194301 -1.8648311 -1.999999996 0.6311951 0.330134533 0.589358 -1.999999984 -1.9651058 0.166232685 0.9895835 -0.523763824 -0.5 0 0.591116089 0 -0.13363696 0 -0.003973532 0 0.418554394 0 -1.30834616
89 188 7.134663 320.3168279 0.469629435 0.49773 0.353754711 0.310824558856203 0.520737108 0.533858930616148 96 1.66921457143512 1.50797090194301 -1.8648311 -1.999999996 0.6311951 0.330134533 0.589358 -1.999999984 -1.9651058 0.166232685 0.9895835 -0.523763824 -0.5 0 0.591116089 0 -0.13363696 0 -0.003973532 0 0.418554394 0 -1.30834616
90 190 7.134663 322.3541273 0.469487862 0.49773 0.353982364 0.31083183819918 0.520754152 0.533861731225398 96 1.66921457143512 1.50797090194301 -1.8648311 -1.999999996 0.6311951 0.330134533 0.589358 -1.999999984 -1.9651058 0.166232685 0.9895835 -0.523763824 -0.5 0 0.591116089 0 -0.13363696 0 -0.003973532 0 0.418554394 0 -1.30834616
91 192 7.134663 324.3849997 0.469347036 0.49773 0.354208817 0.310814790379673 0.520771107 0.533855119714954 96 1.66921457143512 1.50797090194301 -1.8648311 -1.999999996 0.6311951 0.330134533 0.589358 -1.999999984 -1.9651058 0.166232685 0.9895835 -0.523763824 -0.5 0 0.591116089 0 -0.13363696 0 -0.003973532 0 0.418554394 0 -1.30834616
92 194 7.134663 326.4095459 0.469206942 0.49773 0.354434091 0.310797875221706 0.520787973 0.533848790644591 96 1.66921457143512 1.50797090194301 -1.8648311 -1.999999996 0.6311951 0.330134533 0.589358 -1.999999984 -1.9651058 0.166232685 0.9895835 -0.523763824 -0.5 0 0.591116089 0 -0.13363696 0 -0.003973532 0 0.418554394 0 -1.30834616
93 196 7.134663 328.4278593 0.469067568 0.49773 0.354658208 0.310780689652356 0.520804752 0.533726678669289 96 1.66921457143512 1.50797090194301 -1.8648311 -1.999999996 0.6311951 0.330134533 0.589358 -1.999999984 -1.9651058 0.166232685 0.9895835 -0.523763824 -0.5 0 0.591116089 0 -0.13363696 0 -0.003973532 0 0.418554394 0 -1.30834616
94 198 7.134663 330.4400269 0.468928902 0.49773 0.354881187 0.310747866649958 0.520821446 0.533685539824484 96 1.66921457143512 1.50797090194301 -1.8648311 -1.999999996 0.6311951 0.330134533 0.589358 -1.999999984 -1.9651058 0.166232685 0.9895835 -0.523763824 -0.5 0 0.591116089 0 -0.13363696 0 -0.003973532 0 0.418554394 0 -1.30834616
95 200 7.134663 332.4461289 0.468790931 0.49773 0.355103047 0.31075053059575 0.520838057 0.533686447733703 96 1.66921457143512 1.50797090194301 -1.8648311 -1.999999996 0.6311951 0.330134533 0.589358 -1.999999984 -1.9651058 0.166232685 0.9895835 -0.523763824 -0.5 0 0.591116089 0 -0.13363696 0 -0.003973532 0 0.418554394 0 -1.30834616
96 202 7.134663 334.4462391 0.468653645 0.49773 0.355323808 0.310717209464639 0.520854585 0.533644820428979 96 1.66921457143512 1.50797090194301 -1.8648311 -1.999999996 0.6311951 0.330134533 0.589358 -1.999999984 -1.9651058 0.166232685 0.9895835 -0.523763824 -0.5 0 0.591116089 0 -0.13363696 0 -0.003973532 0 0.418554394 0 -1.30834616
97 204 7.134663 336.4404251 0.468517031 0.49773 0.355543486 0.31067934165047 0.520871032 0.533630292819095 96 1.66921457143512 1.50797090194301 -1.8648311 -1.999999996 0.6311951 0.330134533 0.589358 -1.999999984 -1.9651058 0.166232685 0.9895835 -0.523763824 -0.5 0 0.591116089 0 -0.13363696 0 -0.003973532 0 0.418554394 0 -1.30834616
98 206 7.134663 338.4287481 0.468381079 0.49773 0.355762099 0.31066153798203 0.520887399 0.533623520927311 96 1.66921457143512 1.50797090194301 -1.8648311 -1.999999996 0.6311951 0.330134533 0.589358 -1.999999984 -1.9651058 0.166232685 0.9895835 -0.523763824 -0.5 0 0.591116089 0 -0.13363696 0 -0.003973532 0 0.418554394 0 -1.30834616
99 208 7.134663 340.4112636 0.46824578 0.49773 0.355979664 0.310622230252503 0.520903688 0.533608629719861 96 1.66921457143512 1.50797090194301 -1.8648311 -1.999999996 0.6311951 0.330134533 0.589358 -1.999999984 -1.9651058 0.166232685 0.9895835 -0.523763824 -0.5 0 0.591116089 0 -0.13363696 0 -0.003973532 0 0.418554394 0 -1.30834616
100 210 7.134663 342.3880212 0.468111124 0.49773 0.356196196 0.310604257357726 0.520919899 0.533601750584174 96 1.66921457143512 1.50797090194301 -1.8648311 -1.999999996 0.6311951 0.330134533 0.589358 -1.999999984 -1.9651058 0.166232685 0.9895835 -0.523763824 -0.5 0 0.591116089 0 -0.13363696 0 -0.003973532 0 0.418554394 0 -1.30834616
101 212 7.134663 344.3590647 0.4679771 0.49773 0.356411709 0.310563231750109 0.520936034 0.533557142207563 96 1.66921457143512 1.50797090194301 -1.8648311 -1.999999996 0.6311951 0.330134533 0.589358 -1.999999984 -1.9651058 0.166232685 0.9895835 -0.523763824 -0.5 0 0.591116089 0 -0.13363696 0 -0.003973532 0 0.418554394 0 -1.30834616
102 214 7.134663 346.3244325 0.467843701 0.49773 0.356626219 0.310557665347181 0.520952094 0.533554920020094 96 1.66921457143512 1.50797090194301 -1.8648311 -1.999999996 0.6311951 0.330134533 0.589358 -1.999999984 -1.9651058 0.166232685 0.9895835 -0.523763824 -0.5 0 0.591116089 0 -0.13363696 0 -0.003973532 0 0.418554394 0 -1.30834616
103 216 7.134663 348.2841578 0.467710917 0.49773 0.356839738 0.31053094519867 0.52096808 0.533544921713266 96 1.66921457143512 1.50797090194301 -1.8648311 -1.999999996 0.6311951 0.330134533 0.589358 -1.999999984 -1.9651058 0.166232685 0.9895835 -0.523763824 -0.5 0 0.591116089 0 -0.13363696 0 -0.003973532 0 0.418554394 0 -1.30834616
104 218 7.134663 350.2382683 0.467578742 0.49773 0.357052279 0.310504943341966 0.520983993 0.533534812579543 96 1.66921457143512 1.50797090194301 -1.8648311 -1.999999996 0.6311951 0.330134533 0.589358 -1.999999984 -1.9651058 0.166232685 0.9895835 -0.523763824 -0.5 0 0.591116089 0 -0.13363696 0 -0.003973532 0 0.418554394 0 -1.30834616
105 220 7.134663 352.186787 0.467447168 0.49773 0.357263854 0.310477694791721 0.520999833 0.533524338130319 96 1.66921457143512 1.50797090194301 -1.8648311 -1.999999996 0.6311951 0.330134533 0.589358 -1.999999984 -1.9651058 0.166232685 0.9895835 -0.523763824 -0.5 0 0.591116089 0 -0.13363696 0 -0.003973532 0 0.418554394 0 -1.30834616
106 222 7.134663 354.1297317 0.467316187 0.49773 0.357474474 0.310451642355068 0.521015602 0.533514475656805 96 1.66921457143512 1.50797090194301 -1.8648311 -1.999999996 0.6311951 0.330134533 0.589358 -1.999999984 -1.9651058 0.166232685 0.9895835 -0.523763824 -0.5 0 0.591116089 0 -0.13363696 0 -0.003973532 0 0.418554394 0 -1.30834616
107 224 7.134663 356.0671157 0.467185793 0.49773 0.357684151 0.310445091761316 0.5210313 0.533511842739925 96 1.66921457143512 1.50797090194301 -1.8648311 -1.999999996 0.6311951 0.330134533 0.589358 -1.999999984 -1.9651058 0.166232685 0.9895835 -0.523763824 -0.5 0 0.591116089 0 -0.13363696 0 -0.003973532 0 0.418554394 0 -1.30834616
108 226 7.134663 357.9989475 0.467055981 0.49773 0.357892893 0.310417524377598 0.521046929 0.533501443458717 96 1.66921457143512 1.50797090194301 -1.8648311 -1.999999996 0.6311951 0.330134533 0.589358 -1.999999984 -1.9651058 0.166232685 0.9895835 -0.523763824 -0.5 0 0.591116089 0 -0.13363696 0 -0.003973532 0 0.418554394 0 -1.30834616
109 228 7.134663 359.9252313 0.466926743 0.49773 0.35810071 0.310369471534542 0.521062487 0.533482975570679 96 1.66921457143512 1.50797090194301 -1.8648311 -1.999999996 0.6311951 0.330134533 0.589358 -1.999999984 -1.9651058 0.166232685 0.9895835 -0.523763824 -0.5 0 0.591116089 0 -0.13363696 0 -0.003973532 0 0.418554394 0 -1.30834616
110 230 7.134663 361.8459671 0.466798076 0.49773 0.35830761 0.310342809525068 0.521077978 0.533472803648899 96 1.66921457143512 1.50797090194301 -1.8648311 -1.999999996 0.6311951 0.330134533 0.589358 -1.999999984 -1.9651058 0.166232685 0.9895835 -0.523763824 -0.5 0 0.591116089 0 -0.13363696 0 -0.003973532 0 0.418554394 0 -1.30834616
111 232 7.134663 363.7611506 0.466669975 0.49773 0.3585136 0.310311003125701 0.5210934 0.533460685103948 96 1.66921457143512 1.50797090194301 -1.8648311 -1.999999996 0.6311951 0.330134533 0.589358 -1.999999984 -1.9651058 0.166232685 0.9895835 -0.523763824 -0.5 0 0.591116089 0 -0.13363696 0 -0.003973532 0 0.418554394 0 -1.30834616
112 234 7.134663 365.6707732 0.466542435 0.49773 0.358718688 0.310280061197398 0.521108755 0.533448801074692 96 1.66921457143512 1.50797090194301 -1.8648311 -1.999999996 0.6311951 0.330134533 0.589358 -1.999999984 -1.9651058 0.166232685 0.9895835 -0.523763824 -0.5 0 0.591116089 0 -0.13363696 0 -0.003973532 0 0.418554394 0 -1.30834616
113 236 7.134663 367.5748229 0.466415452 0.49773 0.358922879 0.310248165104635 0.521124042 0.533436683583341 96 1.66921457143512 1.50797090194301 -1.8648311 -1.999999996 0.6311951 0.330134533 0.589358 -1.999999984 -1.9651058 0.166232685 0.9895835 -0.523763824 -0.5 0 0.591116089 0 -0.13363696 0 -0.003973532 0 0.418554394 0 -1.30834616
114 238 7.134663 369.4732838 0.466289024 0.49773 0.35912618 0.310237254456209 0.521139263 0.533432361640283 96 1.66921457143512 1.50797090194301 -1.8648311 -1.999999996 0.6311951 0.330134533 0.589358 -1.999999984 -1.9651058 0.166232685 0.9895835 -0.523763824 -0.5 0 0.591116089 0 -0.13363696 0 -0.003973532 0 0.418554394 0 -1.30834616
115 240 7.134663 371.3661361 0.466163146 0.49773 0.359328593 0.310206138125961 0.521154417 0.533420500994459 96 1.66921457143512 1.50797090194301 -1.8648311 -1.999999996 0.6311951 0.330134533 0.589358 -1.999999984 -1.9651058 0.166232685 0.9895835 -0.523763824 -0.5 0 0.591116089 0 -0.13363696 0 -0.003973532 0 0.418554394 0 -1.30834616
116 242 7.134663 373.2533567 0.466037818 0.49773 0.359530125 0.310174007905601 0.521169506 0.533408284965081 96 1.66921457143512 1.50797090194301 -1.8648311 -1.999999996 0.6311951 0.330134533 0.589358 -1.999999984 -1.9651058 0.166232685 0.9895835 -0.523763824 -0.5 0 0.591116089 0 -0.13363696 0 -0.003973532 0 0.418554394 0 -1.30834616
117 244 7.134663 375.1349191 0.465913036 0.49773 0.359730777 0.310162776630381 0.521184528 0.533404126501381 96 1.66921457143512 1.50797090194301 -1.8648311 -1.999999996 0.6311951 0.330134533 0.589358 -1.999999984 -1.9651058 0.166232685 0.9895835 -0.523763824 -0.5 0 0.591116089 0 -0.13363696 0 -0.003973532 0 0.418554394 0 -1.30834616
118 246 7.134663 377.0107935 0.4657888 0.49773 0.359930552 0.3101312676073 0.521199485 0.533392020230972 96 1.66921457143512 1.50797090194301 -1.8648311 -1.999999996 0.6311951 0.330134533 0.589358 -1.999999984 -1.9651058 0.166232685 0.9895835 -0.523763824 -0.5 0 0.591116089 0 -0.13363696 0 -0.003973532 0 0.418554394 0 -1.30834616
119 248 7.134663 378.8809467 0.465665108 0.49773 0.360129453 0.310119950102319 0.521214377 0.533387765755457 96 1.66921457143512 1.50797090194301 -1.8648311 -1.999999996 0.6311951 0.330134533 0.589358 -1.999999984 -1.9651058 0.166232685 0.9895835 -0.523763824 -0.5 0 0.591116089 0 -0.13363696 0 -0.003973532 0 0.418554394 0 -1.30834616
120 250 7.134663 380.7453428 0.465541959 0.49773 0.360327479 0.310086805366439 0.521229203 0.533375004261971 96 1.66921457143512 1.50797090194301 -1.8648311 -1.999999996 0.6311951 0.330134533 0.589358 -1.999999984 -1.9651058 0.166232685 0.9895835 -0.523763824 -0.5 0 0.591116089 0 -0.13363696 0 -0.003973532 0 0.418554394 0 -1.30834616
121 252 7.134663 382.6039425 0.465419354 0.49773 0.360524631 0.310051911161305 0.521243963 0.533361501025366 96 1.66921457143512 1.50797090194301 -1.8648311 -1.999999996 0.6311951 0.330134533 0.589358 -1.999999984 -1.9651058 0.166232685 0.9895835 -0.523763824 -0.5 0 0.591116089 0 -0.13363696 0 -0.003973532 0 0.418554394 0 -1.30834616
122 254 7.134663 384.4567038 0.465297293 0.49773 0.360720909 0.310038561057803 0.521258658 0.533356485397893 96 1.66921457143512 1.50797090194301 -1.8648311 -1.999999996 0.6311951 0.330134533 0.589358 -1.999999984 -1.9651058 0.166232685 0.9895835 -0.523763824 -0.5 0 0.591116089 0 -0.13363696 0 -0.003973532 0 0.418554394 0 -1.30834616
123 256 7.134663 386.303582 0.465175776 0.49773 0.360916311 0.310003744607329 0.521273288 0.53334321556397 96 1.66921457143512 1.50797090194301 -1.8648311 -1.999999996 0.6311951 0.330134533 0.589358 -1.999999984 -1.9651058 0.166232685 0.9895835 -0.523763824 -0.5 0 0.591116089 0 -0.13363696 0 -0.003973532 0 0.418554394 0 -1.30834616
124 258 7.134663 388.1445295 0.465054804 0.49773 0.361110836 0.309973331333623 0.521287852 0.533302685712217 96 1.66921457143512 1.50797090194301 -1.8648311 -1.999999996 0.6311951 0.330134533 0.589358 -1.999999984 -1.9651058 0.166232685 0.9895835 -0.523763824 -0.5 0 0.591116089 0 -0.13363696 0 -0.003973532 0 0.418554394 0 -1.30834616
125 260 7.134663 389.9794958 0.46493438 0.49773 0.361304481 0.309938188400049 0.52130235 0.533289148804941 96 1.66921457143512 1.50797090194301 -1.8648311 -1.999999996 0.6311951 0.330134533 0.589358 -1.999999984 -1.9651058 0.166232685 0.9895835 -0.523763824 -0.5 0 0.591116089 0 -0.13363696 0 -0.003973532 0 0.418554394 0 -1.30834616
126 262 7.134663 391.8084281 0.464814506 0.49773 0.361497243 0.309899323449264 0.521316781 0.533274406876741 96 1.66921457143512 1.50797090194301 -1.8648311 -1.999999996 0.6311951 0.330134533 0.589358 -1.999999984 -1.9651058 0.166232685 0.9895835 -0.523763824 -0.5 0 0.591116089 0 -0.13363696 0 -0.003973532 0 0.418554394 0 -1.30834616
127 264 7.134663 393.6312709 0.464695183 0.49773 0.361689117 0.309843651758402 0.521331147 0.533224213991253 96 1.66921457143512 1.50797090194301 -1.8648311 -1.999999996 0.6311951 0.330134533 0.589358 -1.999999984 -1.9651058 0.166232685 0.9895835 -0.523763824 -0.5 0 0.591116089 0 -0.13363696 0 -0.003973532 0 0.418554394 0 -1.30834616
128 266 7.134663 395.4479662 0.464576416 0.49773 0.361880098 0.309825093373701 0.521345445 0.533217172051933 96 1.66921457143512 1.50797090194301 -1.8648311 -1.999999996 0.6311951 0.330134533 0.589358 -1.999999984 -1.9651058 0.166232685 0.9895835 -0.523763824 -0.5 0 0.591116089 0 -0.13363696 0 -0.003973532 0 0.418554394 0 -1.30834616
129 268 7.134663 397.2584534 0.464458207 0.49773 0.362070181 0.309786438938064 0.521359676 0.5332023174292 96 1.66921457143512 1.50797090194301 -1.8648311 -1.999999996 0.6311951 0.330134533 0.589358 -1.999999984 -1.9651058 0.166232685 0.9895835 -0.523763824 -0.5 0 0.591116089 0 -0.13363696 0 -0.003973532 0 0.418554394 0 -1.30834616
130 270 7.134663 399.0626694 0.46434056 0.49773 0.36225936 0.309752484223284 0.52137384 0.533160561563974 96 1.66921457143512 1.50797090194301 -1.8648311 -1.999999996 0.6311951 0.330134533 0.589358 -1.999999984 -1.9651058 0.166232685 0.9895835 -0.523763824 -0.5 0 0.591116089 0 -0.13363696 0 -0.003973532 0 0.418554394 0 -1.30834616
